p = 309321588133305159089412627460682678451
q = 213791949137049303838953886111569497863
e = 65537

cipher text =
[25445847083154835510763465069517754255456287218296146055376146056018044564249,
 5296151648277750918663882353747164862443875142333915246104989267657983477629,
 10816494853398230869516085179705636170881468091312776778856583677697209339748,
 49936684108807198398411811482201251758681275380151276661440687748219891050058,
 20187500894351433760701815700883416574196418360172159518238736762214644717182,
 4770417483108879328781538199658856421204219761961572594983389657416450534359,
 5296151648277750918663882353747164862443875142333915246104989267657983477629,
 51054487929587041470675553764230014596838003542387069769643593511366196721051,
 26643553357618661100466477583414843479749360256942592534964664868332901215893,
 51054487929587041470675553764230014596838003542387069769643593511366196721051,
 26643553357618661100466477583414843479749360256942592534964664868332901215893,
 20263183274164981220922823544568568121465080905617277094810520118874423357399,
 26015587028093110404146865663157390238218049543600548742760403482091783757405,
 4770417483108879328781538199658856421204219761961572594983389657416450534359,
 17840126275220554321881500903585332381998677580172732610700161972724227480478,
 49936684108807198398411811482201251758681275380151276661440687748219891050058,
 35032278621825230032138793209816463111147315801779460619069390858554567405661,
 33862127024340590255660042394243907736196590272081240315336913353522436033086,
 14149651281269791405920268246699865069591137836377859551756319118002902635480,
 4770417483108879328781538199658856421204219761961572594983389657416450534359,
 35032278621825230032138793209816463111147315801779460619069390858554567405661,
 9461086271493342602099702582828308401388588085139064441471299305040919043080,
 33862127024340590255660042394243907736196590272081240315336913353522436033086,
 20187500894351433760701815700883416574196418360172159518238736762214644717182,
 62935819080512797223559452242847115255487798164613377537834593618658259380002,
 26015587028093110404146865663157390238218049543600548742760403482091783757405,
 3589424158440023728266284364292515607850625624151569072656251663021818779807,
 62935819080512797223559452242847115255487798164613377537834593618658259380002,
 17840126275220554321881500903585332381998677580172732610700161972724227480478,
 47837795517203164818267688966399898628582325698774391920550330945642036517902,
 16298479660518298631521657335449477640639941728616179381264642974061827535477,
 14149651281269791405920268246699865069591137836377859551756319118002902635480,
 26015587028093110404146865663157390238218049543600548742760403482091783757405,
 14149651281269791405920268246699865069591137836377859551756319118002902635480,
 8609305787405538502081393362263843939842300132428048475128941883286928104220,
 33862127024340590255660042394243907736196590272081240315336913353522436033086]
